A
         5          6          4          2 
         4          9          1          5 
         5          0          4          9 
         9          1          5          3 
B
     -0.23      0.127    -0.0984      0.237 
    0.0902     0.0574    -0.0328    -0.0574 
     0.434     -0.269      0.115     -0.186 
   -0.0656     0.0492      0.115    -0.0492 
A*B
         1   1.11e-16      5e-16   7.08e-16 
         0          1  -1.11e-16     -5e-16 
  6.66e-16  -5.55e-17          1  -5.55e-17 
  4.44e-16  -6.11e-16  -1.11e-16          1 
