A
         9          1          6          6 
         0          5          7          4 
         5          7          1          8 
         8          4          3          7 
B
    -0.498     0.0623     -0.568       1.04 
    -0.846      0.231     -0.692       1.38 
   0.00366      0.125     -0.136     0.0806 
      1.05     -0.256        1.1      -1.87 
A*B should be = I:
         1      2e-15   8.88e-16          0 
  1.78e-15          1   8.88e-16  -2.66e-15 
         0   1.33e-15          1  -1.78e-15 
  8.88e-16  -2.44e-15  -4.44e-15          1 
