random matrix A:
     -1.95     -0.682     -0.837     -0.074      -1.45     -0.556      -1.67 
    -0.989      -1.97      -1.84     -0.598      -1.53       -1.9     -0.519 
    -0.235      -1.74     -0.305      -1.43      -1.36     -0.576     -0.494 
     -1.36      -1.77     -0.688    -0.0418      -0.28      -0.52      -1.46 
     -1.63       -1.1     -0.987     -0.188     -0.109     -0.487      -1.13 
     -0.31      -1.29     -0.894      -1.85     -0.609      -1.93      -1.33 
   -0.0529      -1.73      -1.46    -0.0461     -0.681     -0.424     -0.028 
random vector b:
     0.685     0.0465      0.103      0.305      0.576      0.671       0.39 
solution x to system A*x=b:
     0.234      0.312      -0.81     -0.383     0.0595      0.557     -0.625 
check: A*x (should be equal b):
     0.685     0.0465      0.103      0.305      0.576      0.671       0.39 
test passed
A^-1*A=
         1  -6.66e-16  -4.44e-16   1.67e-16  -2.22e-16  -2.78e-16  -7.18e-16 
 -1.19e-16          1   3.05e-16   1.95e-16   1.73e-16   6.94e-17   2.75e-16 
  7.42e-16  -6.66e-16          1  -5.55e-17   4.44e-16   3.89e-16   2.91e-16 
 -1.46e-16  -6.25e-16  -4.86e-17          1   2.98e-16   1.68e-16  -4.01e-16 
  3.25e-16   2.22e-16   1.39e-16   4.21e-17          1  -1.32e-16   3.17e-17 
  -4.3e-16  -4.44e-16          0  -1.18e-16  -6.11e-16          1   -1.7e-16 
  7.49e-16   3.33e-16  -1.11e-16  -6.94e-17   3.33e-16   6.66e-16          1 
A*A^-1=
         1   6.66e-16   3.33e-16  -2.22e-16   6.66e-16  -3.33e-16  -6.66e-16 
  1.11e-16          1          0  -3.61e-16   6.11e-16   1.11e-16   5.55e-16 
  1.11e-16   5.55e-17          1   1.11e-16   1.11e-16          0   2.78e-16 
 -1.11e-16   2.22e-16   2.22e-16          1  -4.44e-16   1.11e-16  -3.33e-16 
 -1.11e-16   3.33e-16   2.22e-16  -2.22e-16          1  -1.11e-16  -3.33e-16 
  2.22e-16          0  -3.33e-16  -1.11e-16  -1.11e-16          1   2.22e-16 
  1.32e-16   1.18e-16  -8.67e-17  -1.04e-17    1.6e-16   6.59e-17          1 
