A
     0.915     -0.164    -0.0148    0.00521 
     0.857     0.0991     -0.236    -0.0977 
     0.501     0.0468      0.363    -0.0976 
     0.595     0.0703     0.0576      0.215 
R
      1.48      0.806       1.02       1.14 
         0       0.21      0.718      0.545 
         0          0      0.437      0.229 
         0          0          0      0.255 
Q
      0.62     -0.784    -0.0338     0.0204 
     0.581      0.473     -0.541     -0.382 
      0.34      0.223       0.83     -0.382 
     0.403      0.335      0.132      0.841 
Q^T*Q
         1   7.22e-16  -1.26e-15   1.67e-16 
  7.22e-16          1   5.27e-16   5.55e-17 
 -1.26e-15   5.27e-16          1  -2.36e-16 
  1.67e-16   5.55e-17  -2.36e-16          1 
Q*R
     0.915      0.336     0.0577      0.276 
     0.857      0.568      0.698      0.696 
     0.501      0.321      0.871        0.6 
     0.595      0.396      0.712      0.886 
b         1          2          3          4 
x      4.47       6.95   Infinity       1.47 
A*x -Infinity  -Infinity   Infinity   Infinity 
