A
     0.127      0.184      0.127      0.652     0.0554 
     0.783     -0.185     -0.299      0.454      0.143 
     0.104     0.0759     -0.101     0.0178     0.0367 
     0.962     -0.485     0.0454     -0.117    -0.0189 
     0.556      0.186     -0.305      -0.39     -0.132 
     0.384      0.348     0.0459      0.292     -0.378 
    0.0896      0.597    -0.0276     -0.109      0.195 
     0.449      0.498    -0.0364    -0.0311     0.0678 
     0.561      0.154      0.221     -0.283     0.0699 
     0.804    -0.0259      0.288    -0.0498     0.0337 
R
      1.79       1.22       1.41       1.19       1.19 
         0       1.05      0.759       1.01       0.55 
         0          0      0.589   -0.00975      -0.44 
         0          0          0      0.989    -0.0257 
         0          0          0          0      0.484 
Q
    0.0712      0.176      0.216      0.659      0.115 
     0.438     -0.177     -0.507      0.459      0.295 
     0.058     0.0726     -0.172      0.018     0.0759 
     0.538     -0.464     0.0772     -0.118    -0.0391 
     0.311      0.178     -0.518     -0.395     -0.273 
     0.215      0.333      0.078      0.295     -0.781 
    0.0501      0.571    -0.0468     -0.111      0.404 
     0.251      0.477    -0.0619    -0.0314       0.14 
     0.314      0.147      0.375     -0.286      0.144 
      0.45    -0.0247      0.489    -0.0503     0.0696 
Q^T*G
         1  -2.88e-16  -4.72e-16  -2.78e-17  -1.25e-16 
 -2.88e-16          1   2.29e-16   9.32e-17    5.4e-16 
 -4.72e-16   2.29e-16          1          0   1.32e-16 
 -2.78e-17   9.32e-17          0          1   2.39e-17 
 -1.25e-16    5.4e-16   1.32e-16   2.39e-17          1 
Q*R
     0.127      0.271      0.361      0.913      0.125 
     0.783      0.351      0.182      0.802      0.776 
     0.104      0.147     0.0355      0.162      0.221 
     0.962      0.173       0.45     0.0547      0.333 
     0.556      0.567      0.267      0.166      0.573 
     0.384       0.61        0.6      0.885     0.0176 
    0.0896      0.658      0.476      0.529      0.592 
     0.449      0.806      0.678      0.753      0.656 
     0.561      0.538      0.773      0.237      0.366 
     0.804      0.524      0.901      0.457      0.339 
