A
     0.784      0.835      0.782        0.1 
     0.154      0.503      0.434      0.279 
     0.534      0.906      0.915      0.902 
     0.022      0.912      0.608      0.967 
R
     0.961       1.29       1.23      0.649 
         0      0.974      0.692       1.12 
         0          0       0.13      0.324 
         0          0          0      0.252 
Q
     0.816     -0.219     -0.533    -0.0487 
      0.16      0.305      0.204     -0.917 
     0.555      0.197      0.739      0.327 
    0.0229      0.906     -0.358      0.225 
Q^T*Q
         1  -5.55e-17  -1.49e-15    1.6e-15 
 -5.55e-17          1  -6.66e-16   7.77e-16 
 -1.49e-15  -6.66e-16          1   6.87e-15 
   1.6e-15   7.77e-16   6.87e-15          1 
Q*R
     0.784      0.835      0.782        0.1 
     0.154      0.503      0.434      0.279 
     0.534      0.906      0.915      0.902 
     0.022      0.912      0.608      0.967 
b         1          2          3          4 
x      1.25       4.02   Infinity  -0.000132 
A*x  Infinity   Infinity   Infinity   Infinity 
