A=
         9          3          2          4 
         3          4          8          1 
         2          8          6          7 
         4          1          7          6 
D=
     -5.08   -2.4e-14   3.35e-23   -1.2e-07 
  -2.4e-14       3.94          0   3.35e-12 
  2.81e-17   1.04e-16       7.07   4.82e-14 
  -1.2e-07   3.35e-12   4.92e-14       19.1 
V=
     0.152      0.242     -0.848      0.447 
    -0.592      0.604      0.299      0.441 
     0.668  -0.000775      0.437      0.602 
    -0.424     -0.759     -0.033      0.493 
V^T*A*V should be = D: 
     -5.08  -2.35e-14   1.39e-17   -1.2e-07 
 -2.31e-14       3.94   1.43e-15   3.36e-12 
 -4.58e-16   1.83e-15       7.07   5.04e-14 
  -1.2e-07   3.36e-12   5.13e-14       19.1 
V*D*V^T should be = A: 
         9          3          2          4 
         3          4          8          1 
         2          8          6          7 
         4          1          7          6 
V^T*V should be = 1:
         1  -2.22e-16  -1.32e-16  -5.55e-17 
 -2.22e-16          1    2.6e-16   1.67e-16 
 -1.32e-16    2.6e-16          1   1.42e-16 
 -5.55e-17   1.67e-16   1.42e-16          1 
V*V^T should be = 1:
         1  -8.33e-17   2.22e-16          0 
 -8.33e-17          1  -1.67e-16  -2.78e-17 
  2.22e-16  -1.67e-16          1  -1.11e-16 
         0  -2.78e-17  -1.11e-16          1 
